1 DATA 124,18,17,18,124,65,127,73,73,54
2 DATA 62,65,65,65,34,65,127,65,65,62
3 DATA 127,73,73,73,65,127,9,9,9,1
4 DATA 62,65,65,73,57,127,8,8,8,127
5 DATA 0,65,127,65,0,32,64,65,127,1
6 DATA 127,8,20,34,65,127,64,64,64,64
7 DATA 127,2,12,2,127,127,4,8,16,127
8 DATA 62,65,65,65,62,127,9,9,9,6
9 DATA 62,65,81,33,94,127,9,25,41,70
10 DATA 38,73,73,73,50,1,1,127,1,1
11 DATA 63,64,64,64,63,7,24,96,24,7
12 DATA 127,32,24,32,127,99,20,8,20,99
13 DATA 3,4,120,4,3,97,81,73,69,67
14 DATA 62,81,73,69,62,0,66,127,64,0
15 DATA 66,97,81,73,70,65,73,77,75,49
16 DATA 24,20,18,127,16,39,69,69,69,57
17 DATA 60,74,73,73,48,1,1,121,5,3
18 DATA 54,73,73,73,54,6,73,73,41,30
19 DATA 0,0,0,0,0,0
195 CLEAR:DIM Z$(0)*22:DIM T$(0)*25
200 INPUT "TEXT:";T$(0)
210 L=LEN T$(0)
220 FOR C=1 TO L
230 RESTORE
240 E$=MID$(T$(0),C,1)
250 K=ASC E$:A=K
251 IF K<48 THEN LET A=A+4
252 IF K>47 THEN LET A=A-22
253 IF K>64 THEN LET A=A-43
260 FOR D=0 TO A*5
270 READ B
290 NEXT D
300 FOR D=1 TO 5
305 Z$(0)=" ":G=64
310 FOR F=1 TO 7
320 H=B AND G:IF H=0 THEN GOTO 340
330 Z$(0)=Z$(0)+"XXX":GOTO 350
340 Z$(0)=Z$(0)+"   "
350 G=G/2:NEXT F
400 LPRINT Z$(0):LPRINT Z$(0)
410 READ B:NEXT D
420 LPRINT "":LPRINT "":NEXT C
